6 0.726001345703125 0.869653126953125 0.813789544921875 0.86311315625 0.78065296875 0.00263431640625 0.700333451171875 0.001964796875 0.726001345703125 0.869653126953125
6 0.720901546875 0.80663021484375 0.713888392578125 0.6318268203125 0.54712378125 0.639015087890625 0.52883583984375 0.132694890625 0.513571919921875 0.12959098046875 0.53611700390625 0.809900541015625 0.720901546875 0.80663021484375
6 0.526568373046875 0.658745869140625 0.526416279296875 0.5626190078125 0.49232440625 0.567506220703125 0.4839495625 0.228853310546875 0.475850669921875 0.22987546875 0.487047462890625 0.66345299609375 0.526568373046875 0.658745869140625
6 0.415920810546875 0.553640609375 0.414506783203125 0.484918927734375 0.392220935546875 0.481999080078125 0.3852325625 0.2748209296875 0.37734113671875 0.2747268359375 0.38931949609375 0.554199876953125 0.415920810546875 0.553640609375
8 0.47621589453125 0.134076587890625 0.469577177734375 0.14642830078125 0.5402547109375 0.1498040234375 0.551595978515625 0.13577189453125 0.47621589453125 0.134076587890625
8 0.646007259765625 0.14113303125 0.636812517578125 0.15054437890625 0.7011863046875 0.1552228359375 0.701006046875 0.145922072265625 0.646007259765625 0.14113303125
8 0.401452509765625 0.22600012109375 0.397304017578125 0.235189388671875 0.449864927734375 0.234133564453125 0.452751298828125 0.2274843359375 0.401452509765625 0.22600012109375
8 0.839065552734375 0 0.83414345703125 0.005195474609375 0.94402518359375 0.007370314453125 0.9540457890625 0 0.839065552734375 0
8 0.486068220703125 0.257872048828125 0.50721540625 0.256626318359375 0.701273365234375 0.1424870390625 0.700579212890625 0.1161354921875 0.486068220703125 0.257872048828125
4 0.534538013671875 0 0.525305099609375 0.0002012890625 0.353744708984375 0.271128703125 0.381181447265625 0.274541310546875 0.644869513671875 0 0.534538013671875 0
0 0.42546584765625 0.280643966796875 0.440833529296875 0.66855644921875 0.45448601953125 0.66316280859375 0.445647146484375 0.274476169921875 0.42546584765625 0.280643966796875