6 0.774114912109375 0.106076076171875 0.68612401171875 0.108748298828125 0.751294859375 0.9743663671875 0.831104392578125 0.96530483984375 0.774114912109375 0.106076076171875
6 0.50352572265625 0.188021873046875 0.552215857421875 0.866961228515625 0.567071712890625 0.862278806640625 0.53233459765625 0.35682067578125 0.69893703515625 0.346537916015625 0.68763983984375 0.171959037109375 0.50352572265625 0.188021873046875
6 0.470032927734375 0.33879632421875 0.504218666015625 0.771169052734375 0.51238003515625 0.771339046875 0.4853101328125 0.433665904296875 0.51972609765625 0.434962771484375 0.5098293671875 0.33934660546875 0.470032927734375 0.33879632421875
6 0.384260384765625 0.457666298828125 0.401560533203125 0.736860435546875 0.409398892578125 0.735941978515625 0.39469296875 0.5291682890625 0.416551525390625 0.5239349296875 0.410774435546875 0.455441908203125 0.384260384765625 0.457666298828125
8 0.50670214453125 0.85481484765625 0.51459559765625 0.8664049609375 0.58938553515625 0.856839578125 0.576639638671875 0.844069802734375 0.50670214453125 0.85481484765625
8 0.672591103515625 0.83324046484375 0.682719228515625 0.84163914453125 0.736916134765625 0.8311273984375 0.736123212890625 0.8218587421875 0.672591103515625 0.83324046484375
8 0.42554684375 0.774094603515625 0.4306331484375 0.782799896484375 0.481495775390625 0.77596162890625 0.47793018359375 0.769650533203125 0.42554684375 0.774094603515625
8 1 0.947563287109375 0.99308658984375 0.94351773828125 0.884034140625 0.95716643359375 0.901115505859375 0.971779939453125 1 0.9637781875 1 0.947563287109375
8 0.53261535546875 0.741286240234375 0.511453802734375 0.74225781640625 0.739605185546875 0.860795421875 0.737541048828125 0.834515671875 0.53261535546875 0.741286240234375
4 0.3784694765625 0.742905357421875 0.57740966796875 0.994415658203125 0.69894369921875 0.984314654296875 0.405399197265625 0.736643525390625 0.3784694765625 0.742905357421875
0 0.423538703125 0.338551501953125 0.4488031015625 0.725945318359375 0.469518556640625 0.729969806640625 0.43768019140625 0.34248851953125 0.423538703125 0.338551501953125