6 0.82984998046875 0.92352278125 0.906873509765625 0.900740138671875 0.701546318359375 0.064461111328125 0.6153562265625 0.0823721953125 0.82984998046875 0.92352278125
6 0.628961796875 0.84512809765625 0.506980533203125 0.353381046875 0.66926632421875 0.314324296875 0.627825455078125 0.144359400390625 0.4492977265625 0.19214928515625 0.615144728515625 0.85231907421875 0.628961796875 0.84512809765625
6 0.559309484375 0.76506702734375 0.474014509765625 0.437224537109375 0.508132818359375 0.43252543359375 0.4817828671875 0.340080439453125 0.442495470703125 0.34644909765625 0.5512425859375 0.766316822265625 0.559309484375 0.76506702734375
6 0.451746220703125 0.74809020703125 0.40135783984375 0.54701153125 0.421975552734375 0.53806198046875 0.404392541015625 0.471612703125 0.378667560546875 0.478407416015625 0.444186431640625 0.750355828125 0.451746220703125 0.74809020703125
8 0.649992111328125 0.835896748046875 0.635222404296875 0.825534275390625 0.568213275390625 0.84826059765625 0.577999412109375 0.858303947265625 0.649992111328125 0.835896748046875
8 0.790816515625 0.7849567734375 0.788426154296875 0.775966619140625 0.72783565625 0.798207662109375 0.739268328125 0.804720017578125 0.790816515625 0.7849567734375
8 0.52969712890625 0.774982376953125 0.525089796875 0.7693863203125 0.474273982421875 0.782859146484375 0.480794673828125 0.79054895703125 0.52969712890625 0.774982376953125
8 1 0.870458482421875 0.957585916015625 0.88353421875 0.97694538671875 0.89495956640625 1 0.888942986328125 1 0.870458482421875
8 0.79861651171875 0.813707125 0.792020302734375 0.788185056640625 0.574018771484375 0.731956962890625 0.553347423828125 0.736588443359375 0.79861651171875 0.813707125
4 0.780021654296875 0.9424106171875 0.44792911328125 0.749475634765625 0.42249587109375 0.7603186328125 0.662088017578125 0.973462326171875 0.780021654296875 0.9424106171875
0 0.5099154765625 0.731769095703125 0.411275388671875 0.3557031953125 0.396665083984375 0.354281630859375 0.488815890625 0.73140294921875 0.5099154765625 0.731769095703125