6 0.80092592578125 0.1261569453125 0.712962962890625 0.12268472265625 0.717592591796875 0.99074027734375 0.797839814453125 0.9872680546875 0.80092592578125 0.1261569453125
6 0.709157408203125 0.360788888671875 0.710065740234375 0.18584722265625 0.52527962890625 0.18902777734375 0.526490740234375 0.86970972265625 0.541637037109375 0.866075 0.542243517578125 0.359425 0.709157408203125 0.360788888671875
6 0.524214814453125 0.43649722265625 0.521012037109375 0.340423611328125 0.48135092578125 0.337098611328125 0.485292591796875 0.77080277734375 0.49342222265625 0.771541666015625 0.4899731484375 0.43280277734375 0.524214814453125 0.43649722265625
6 0.415085185546875 0.5180555546875 0.4141 0.449326388671875 0.38749537109375 0.449695833984375 0.38527777734375 0.729416666015625 0.393161111328125 0.72904722265625 0.392914814453125 0.521751388671875 0.415085185546875 0.5180555546875
8 0.481935185546875 0.8544180546875 0.48900092578125 0.8665305546875 0.56427592578125 0.8622055546875 0.5524518515625 0.84857777734375 0.481935185546875 0.8544180546875
8 0.648925 0.8444680546875 0.658442591796875 0.85355277734375 0.713240740234375 0.84684722265625 0.713096296875 0.837545833984375 0.648925 0.8444680546875
8 0.406608333984375 0.768233333984375 0.411075 0.77727222265625 0.462290740234375 0.773998611328125 0.45917407421875 0.767454166015625 0.406608333984375 0.768233333984375
8 0.96094722265625 0.976833333984375 0.851208333984375 0.982841666015625 0.867228703125 0.998611111328125 0.9908518515625 0.99725972265625 0.96094722265625 0.976833333984375
8 0.51570462890625 0.742973611328125 0.4945268515625 0.742466666015625 0.713853703125 0.8766305546875 0.71362777734375 0.850270833984375 0.51570462890625 0.742973611328125
4 0.361821296875 0.733836111328125 0.542732408203125 0.998611111328125 0.664675 0.9970125 0.38912222265625 0.7294680546875 0.361821296875 0.733836111328125
0 0.434987037109375 0.333611111328125 0.433166666015625 0.721823611328125 0.45355092578125 0.727283333984375 0.4488194453125 0.338525 0.434987037109375 0.333611111328125